10a,37971.396,3379.827,0
10b,15529.036,3425.963,0
10c,23908.945,3438.861,0
11a,524.066,5818.580,0
11b,325.918,5673.724,0
11c,9186.528,5588.398,0
11d,9352.321,5839.912,0
12a,11175.915,7549.917,0
12b,536.088,6390.567,0
12c,21906.335,5644.455,0
13a,18713.015,8941.932,0
13b,9316.658,8507.856,0
13c,9048.901,8496.943,0
13d,19607.271,7896.680,0
14a,20562.557,6236.780,0
14b,9822.925,6624.718,0
14c,27415.105,5945.083,0
15a,12262.845,9822.526,0
15b,943.098,11831.083,0
15c,13898.025,9722.321,0
15d,18777.521,9524.890,0
16a,13083.051,7428.034,0
16b,137446.096,6492.461,0
16c,63287.577,6581.256,0
16d,54974.971,6580.264,0
17a,124926.004,3964.033,0
17b,122417.445,4524.087,0
17c,110093.073,4340.048,0
17d,117369.841,3764.615,0
17e,126229.084,4319.213,0
17f,131826.294,4168.410,0
18a,99139.100,4156.504,0
18b,18669.226,4030.009,0
18c,109400.446,3972.466,0
19a,4995.568,13117.371,0
19b,2734.715,12566.247,0
19c,14831.363,13960.675,0
19d,64355.651,15108.069,0
1a,866.498,1132.509,0
1b,486.573,1198.486,0
1c,797.846,1086.871,0
1d,513.618,1111.676,0
20a,280373.208,12727.963,0
20b,160532.906,12024.050,0
20c,170713.715,11222.910,0
21a,775.875,9902.888,0
21b,611.171,9363.174,0
21c,623.635,9131.510,0
22a,19254.240,15850.674,0
22b,14911.921,16951.437,0
22c,30928.404,20320.192,0
22d,33616.784,15867.540,0
23a,13366.644,16820.971,0
23b,14020.117,18301.221,0
23c,16515.146,15536.170,0
24a,25108.604,23014.803,0
24b,860.541,21667.498,0
25a,93861.753,10692.125,0
25b,13700.868,8990.133,1
25c,122824.882,10372.163,1
26a,169271.978,20537.469,1
26b,116708.256,19402.867,1
26c,172426.363,22288.072,1
27a,340.891,23117.490,1
27b,343.727,29434.342,1
27c,427.111,25559.105,1
28a,77702.006,34589.422,1
28b,23082.433,34314.106,1
28c,110284.420,39440.908,1
29a,76260.608,68284.939,1
29b,71767.675,67723.928,1
29c,1414065.776,80749.442,1
2a,9505.694,997.085,1
2b,8838.720,1032.802,1
2c,7356.361,1154.337,1
2d,14599.654,997.582,1
30a,62400.259,22682.938,1
30b,6234.685,23494.496,1
30c,121879.904,26981.316,1
31a,32828.384,21666.009,1
31b,15220.435,18501.631,1
31c,33054.282,18786.339,1
32a,62.612,1666.713,1
32b,9218.566,1659.272,1
33a,586.017,33766.331,1
33b,613.623,31892.767,1
33c,650.745,32766.830,1
3a,11364.723,459.310,1
3b,7383.887,476.699,1
3c,15889.779,469.289,1
4a,5393.839,1005.018,1
4b,665.156,1156.777,1
4c,5755.720,1029.792,1
5a,1229.325,995.564,1
5b,1211.718,1130.985,1
5c,4087.127,991.596,1
6a,1959.113,996.555,1
6b,12109.790,1043.184,1
6c,142.468,1010.445,1
6d,109641.533,980.682,1
6e,2003.995,1058.066,1
6f,109332.761,983.163,1
7a,49802.853,6519.033,1
7b,22820.729,6201.565,1
7c,110685.900,5776.948,1
8a,68092.503,3325.492,1
8b,4153.165,3409.322,1
8c,43214.363,3464.880,1
8d,31544.482,3336.153,1
9a,4855.094,5316.618,1
9b,4410.451,5083.507,1
9c,12298.993,5023.985,1
9d,37408.932,5166.317,1
