00001	1
00002	1
00003	1
00008	1
00010	1
00011	1
00012	1
00013	1
00014	1
00015	1
00016	1
00019	1
00021	1
00022	1
00023	1
00024	1
00025	1
00026	1
00028	1
00029	1
00031	1
00032	1
00033	1
00035	1
00036	1
00037	1
00040	1
00041	1
00042	1
00043	1
00045	1
00046	1
00048	1
00049	1
00050	1
00051	1
00054	1
00056	1
00057	1
00058	1
00059	1
00062	1
00063	1
00064	1
00067	1
00068	1
00069	1
00071	1
00072	1
00073	1
00075	1
00076	1
00080	1
00081	1
00082	1
00085	1
00086	1
00087	1
00088	1
00089	1
00090	1
00091	1
00094	1
00095	1
00096	1
00097	1
00098	1
00100	1
00101	1
00102	1
00104	1
00105	1
00106	1
00107	1
00109	1
00110	1
00111	1
00112	1
00113	1
00114	1
00115	1
00117	1
00120	1
00121	1
00122	1
00123	1
00124	1
00125	1
00126	1
00127	1
00128	1
00129	1
00131	1
00132	1
00133	1
00134	1
00137	1
00138	1
00139	1
00140	1
00141	1
00143	1
00145	1
00147	1
00148	1
00150	1
00152	1
00154	1
00155	1
00156	1
00158	1
00160	1
00161	1
00162	1
00163	1
00165	1
00166	1
00168	1
00170	1
00171	1
00175	1
00178	1
00179	1
00181	1
00183	1
00184	1
00186	1
00187	1
00188	1
00189	1
00190	1
00191	1
00192	1
00193	1
00194	1
00195	1
00196	1
00197	1
00198	1
00199	1
00200	1
00202	1
00207	1
00217	1
00226	1
00243	1
00245	1
00255	1
00256	1
00259	1
00286	1
00290	1
00296	1
00299	1
00304	1
00309	1
00310	1
00314	1
00321	1
00324	1
00337	1
00354	1
00358	1
00360	1
00365	1
00366	1
00367	1
00369	1
00371	1
00379	1
00386	1
00394	1
00400	1
00402	1
00405	1
00406	1
00413	1
00420	1
00424	1
00433	1
00434	1
00443	1
00444	1
00456	1
00461	1
00487	1
00512	1
00521	1
00533	1
00534	1
00557	1
00558	1
00575	1
00578	1
00580	1
00582	1
00600	1
00603	1
00609	1
00611	1
00625	1
00657	1
00659	1
00662	1
00669	1
00691	1
00722	1
00726	1
00737	1
00741	1
00743	1
00748	1
00761	1
00765	1
00775	1
00781	1
00791	1
00797	1
00803	1
00816	1
00824	1
00833	1
00844	1
00858	1
00862	1
00864	1
00897	1
00914	1
00925	1
00956	1
00958	1
00964	1
01007	1
01023	1
01030	1
01058	1
01066	1
01091	1
01108	1
01111	1
01115	1
01126	1
01132	1
01142	1
01170	1
01186	1
01190	1
01198	1
01207	1
01251	1
01274	1
01282	1
01313	1
01348	1
01374	1
01420	1
01429	1
01443	1
01578	1
01579	1
01597	1
01604	1
01620	1
01640	1
01710	1
01760	1
01772	1
01781	1
01830	1
01841	1
01916	1
01922	1
01992	1
02003	2
02007	2
02014	2
02026	1
02039	2
02040	2
02053	2
02057	2
02072	2
02077	2
02084	2
02085	1
02090	2
02091	2
02094	2
02095	2
02102	2
02112	2
02116	2
02117	1
02120	2
02121	2
02123	2
02124	2
02127	2
02134	2
02136	2
02139	2
02148	2
02149	2
02156	2
02159	1
02161	2
02163	2
02167	2
02176	1
02180	1
02181	2
02185	2
02192	2
02196	2
02206	1
02247	1
02259	1
02296	2
02342	1
02367	1
02381	2
02387	1
02406	1
02483	1
02491	1
02550	2
02582	1
02625	2
02655	2
02666	2
02667	1
02671	2
02678	1
02683	2
02717	1
02749	1
02785	1
02798	2
02808	2
02861	1
02864	2
02867	2
02906	1
02909	2
02913	1
02964	1
02999	2
03125	1
03132	1
03166	1
03221	2
03222	1
03251	1
03306	1
03371	1
03389	1
03413	2
03416	2
03418	2
03428	2
03436	2
03442	2
03444	2
03445	2
03454	2
03455	2
03457	2
03459	2
03465	2
03466	2
03472	2
03475	2
03476	2
03477	2
03480	2
03482	2
03483	1
03484	2
03487	2
03489	2
03495	2
03496	2
03504	2
03507	2
03508	2
03510	2
03518	2
03521	2
03523	2
03525	2
03527	2
03539	2
03540	2
03542	2
03544	2
03545	2
03546	2
03553	2
03558	2
03562	2
03563	2
03568	1
03571	2
03573	2
03577	2
03582	2
03583	2
03586	2
03590	2
03592	2
03597	2
03599	2
03600	1
03641	1
03680	2
03735	2
03767	2
03786	2
03801	3
03802	2
03805	2
03806	2
03809	3
03810	3
03811	1
03824	1
03825	1
03826	2
03830	1
03831	1
03832	1
03839	3
03841	3
03842	1
03848	2
03849	2
03850	2
03851	2
03852	1
03857	2
03858	1
03860	3
03861	1
03864	3
03865	1
03866	1
03868	2
03871	3
03874	1
03876	2
03877	2
03878	3
03880	1
03881	1
03884	2
03888	2
03892	3
03894	2
03898	3
03899	2
03907	1
03910	1
03912	1
03914	3
03916	1
03918	1
03923	3
03927	2
03928	3
03932	1
03934	1
03935	2
03937	2
03938	1
03939	1
03940	1
03941	1
03943	2
03944	2
03945	2
03946	3
03947	3
03948	1
03949	3
03951	2
03955	1
03958	1
03959	3
03970	1
03971	1
03988	2
03990	3
03994	2
03999	1
04009	1
04090	1
04121	2
04123	2
04133	2
04145	2
04147	1
04178	2
04210	2
04215	2
04258	2
04262	2
04267	1
04270	1
04352	2
04366	1
04410	2
04412	2
04433	2
04434	1
04448	3
04475	2
04488	2
04490	1
04584	1
04585	2
04607	3
04640	1
04689	1
04690	1
04697	1
04715	1
04718	2
04734	2
04741	2
04763	3
04766	1
04819	2
04867	2
04885	1
04904	1
04923	2
04927	2
04939	2
04954	2
04964	3
04975	1
04985	1
04987	2
05023	1
05070	2
05088	2
05195	2
05199	3
05269	3
05270	2
05290	1
05292	2
05334	2
05361	3
05370	1
05410	2
05424	1
05460	2
05503	3
05512	2
05514	3
05515	3
05563	1
05591	1
05617	1
05634	2
05656	1
05687	1
05709	2
05716	3
05775	1
05831	3
05877	1
05886	1
05903	1
05908	1
05914	2
05917	2
05951	1
05960	3
05963	2
05989	1
05996	1
06065	1
06078	3
06089	1
06099	1
06116	2
06118	1
06152	3
06176	1
06196	2
06211	2
06213	2
06228	1
06276	2
06281	2
06307	1
06313	2
06340	2
06352	2
06388	1
06406	1
06488	1
06490	1
06502	1
06537	3
06602	2
06606	2
06609	2
06613	2
06631	2
06645	2
06648	2
06660	1
06668	2
06679	2
06680	2
06699	2
06702	2
06706	1
06721	2
06734	1
06743	2
06769	2
06775	2
06787	2
06799	2
06827	1
06847	2
06854	1
06883	2
06936	2
06947	2
06957	2
06965	2
07000	2
07020	1
07084	2
07153	2
07171	2
07197	2
07215	1
07248	2
07320	2
07330	2
07356	2
07490	3
07497	1
07514	2
07528	2
07532	2
07550	1
07561	1
07579	2
07626	3
07676	2
07729	1
07733	3
07736	3
07792	3
07813	2
07870	2
07882	1
07889	1
07946	1
07950	1
07971	2
07973	1
07975	1
08005	2
08006	2
08009	2
08010	2
08011	2
08014	2
08016	2
08022	2
08023	2
08024	2
08026	1
08027	2
08028	2
08029	2
08036	2
08039	2
08042	1
08043	2
08044	2
08046	2
08047	2
08055	2
08056	2
08058	2
08059	2
08065	2
08070	2
08074	2
08077	2
08078	2
08086	2
08089	2
08091	2
08093	2
08096	2
08097	2
08098	2
08099	2
08101	2
08108	2
08110	2
08112	2
08113	2
08115	2
08118	2
08122	2
08127	2
08128	2
08137	2
08147	2
08148	2
08149	2
08151	2
08156	2
08159	2
08163	2
08164	2
08166	2
08167	1
08170	2
08171	2
08174	2
08178	1
08182	2
08186	2
08187	2
08188	2
08195	2
08197	2
08198	2
08199	2
08276	2
08320	2
08330	1
08345	2
08387	2
08388	1
08394	2
08400	3
08437	2
08478	2
08487	1
08488	2
08491	2
08509	2
08604	1
08635	1
08648	1
08703	3
08717	1
08727	1
08793	2
08865	2
08900	2
08920	1
08941	2
08955	2
08969	2
08972	2
08990	2
09010	1
09034	2
09041	2
09043	3
09056	2
09077	1
09089	2
09232	2
09243	1
09246	2
09273	2
09290	2
09428	2
09429	1
09436	2
09491	1
09571	1
09574	2
09600	2
09602	2
09610	2
09618	2
09623	2
09627	2
09628	2
09632	2
09646	2
09648	2
09660	2
09661	2
09662	2
09665	2
09666	2
09668	2
09670	2
09672	2
09684	2
09686	2
09690	2
09695	2
09701	2
09705	2
09708	2
09719	2
09721	2
09724	2
09726	2
09729	2
09734	2
09736	3
09737	2
09738	2
09739	2
09743	2
09748	2
09757	2
09760	2
09764	2
09767	2
09775	2
09778	2
09782	2
09790	2
09791	2
09795	2
09799	2
09870	2
09877	2
10015	2
10016	2
10050	1
10058	1
10174	1
10184	3
10231	3
10265	2
10269	2
10292	2
10314	2
10366	1
10399	2
10425	2
10497	1
10562	2
10583	2
10600	2
10640	2
10641	2
10688	2
10763	1
10790	1
10794	2
10802	3
10810	1
10811	1
10813	2
10868	2
10878	2
10885	2
10913	2
11002	2
11008	1
11012	3
11018	1
11020	2
11021	3
11022	2
11028	2
11032	2
11034	2
11039	2
11043	3
11049	2
11050	2
11051	2
11053	2
11054	2
11057	2
11058	2
11059	2
11061	2
11062	2
11080	2
11081	2
11085	2
11089	3
11090	2
11094	2
11097	2
11098	2
11101	2
11102	2
11105	2
11106	2
11111	2
11118	2
11122	2
11126	2
11128	2
11135	2
11141	2
11142	2
11160	2
11161	2
11166	2
11167	2
11175	2
11176	2
11183	2
11184	2
11188	2
11190	2
11191	2
11192	2
11193	2
11196	2
11301	2
11383	1
11401	1
11406	1
11412	2
11416	1
11421	2
11428	1
11434	2
11469	1
11567	1
11597	1
11600	2
11626	1
11635	2
11656	2
11716	2
11723	1
11730	1
11771	3
11775	2
11791	2
11799	2
11801	2
11802	1
11803	3
11804	3
11810	1
11811	3
11813	3
11814	3
11817	3
11818	1
11820	1
11821	2
11823	1
11825	1
11830	2
11832	2
11833	2
11836	1
11837	3
11838	1
11839	2
11842	2
11843	2
11844	2
11845	1
11846	2
11850	3
11851	2
11852	1
11858	2
11860	1
11862	3
11863	1
11866	1
11867	1
11870	3
11871	2
11875	1
11880	2
11884	2
11890	3
11891	3
11894	3
11899	2
11904	3
11910	2
11912	3
11913	1
11916	3
11917	2
11918	3
11920	2
11925	1
11930	2
11938	1
11941	1
11942	1
11943	1
11947	2
11950	2
11951	3
11953	2
11954	2
11962	1
11965	1
11969	1
11971	2
11972	3
11976	3
11979	3
11982	3
11983	2
11987	3
11988	3
11993	3
11994	2
11995	1
11999	1
12002	2
12013	3
12019	1
12035	2
12046	2
12062	2
12107	2
12136	1
12161	3
12180	2
12303	2
12315	3
12354	2
12387	2
12393	2
12399	2
12519	2
12529	1
12532	2
12555	2
12566	2
12586	2
12601	2
12659	2
12687	2
12707	2
12710	2
12712	2
12739	2
12752	2
12764	1
12822	2
12870	2
12877	3
12891	2
12975	2
13000	1
13014	1
13019	2
13095	1
13141	2
13174	1
13270	1
13325	2
13351	2
13354	2
13401	2
13403	2
13408	2
13413	2
13422	2
13427	2
13428	1
13430	2
13431	2
13433	2
13437	2
13452	2
13453	2
13458	2
13466	2
13471	2
13473	2
13481	2
13484	2
13485	2
13489	1
13496	2
13500	2
13511	2
13516	2
13518	2
13519	2
13520	2
13522	2
13525	2
13526	2
13528	2
13533	2
13535	2
13543	2
13547	3
13549	2
13550	2
13554	2
13558	2
13560	2
13567	2
13568	2
13575	2
13583	2
13587	2
13595	2
13598	2
13599	2
13655	2
13682	2
13683	1
13685	2
13713	1
13738	2
13790	3
13804	1
13843	2
13913	1
13933	3
13948	1
13951	3
13966	3
13997	3
13999	2
14040	2
14053	1
14054	1
14112	2
14163	2
14207	1
14209	1
14249	2
14257	2
14383	1
14403	2
14514	1
14553	2
14567	3
14590	2
14591	1
14611	2
14645	2
14651	3
14652	1
14656	1
14661	2
14774	2
14856	3
14885	2
14899	2
14924	2
14926	1
14951	2
14961	2
15016	2
15030	2
15064	2
15178	1
15202	2
15209	2
15262	2
15276	1
15318	2
15320	2
15339	1
15345	2
15416	2
15421	2
15427	2
15439	1
15459	2
15487	2
15528	1
15567	1
15691	3
15741	2
15844	1
15904	2
15970	1
15977	2
15980	2
16003	1
16090	2
16097	2
16121	2
16129	2
16139	2
16196	2
16217	2
16268	1
16278	2
16342	2
16378	2
16393	1
16410	1
16507	2
16601	2
16602	3
16605	3
16611	2
16612	1
16614	1
16620	3
16624	2
16625	1
16628	2
16633	1
16635	1
16639	2
16640	2
16641	2
16649	3
16653	2
16659	1
16660	2
16664	2
16665	3
16669	1
16670	3
16671	1
16674	3
16675	2
16676	1
16678	2
16681	2
16682	3
16685	2
16686	3
16688	3
16689	1
16696	2
16697	3
16698	1
16706	2
16709	3
16712	3
16713	2
16714	3
16717	1
16718	1
16719	3
16722	3
16724	3
16728	2
16732	3
16738	3
16741	2
16743	1
16744	2
16745	2
16746	1
16752	2
16753	3
16756	3
16757	1
16762	1
16763	2
16765	1
16768	1
16769	1
16773	3
16776	2
16779	1
16780	2
16783	3
16784	1
16785	3
16787	3
16789	2
16790	2
16876	1
16893	2
16925	3
16947	2
17092	2
17094	2
17173	2
17223	3
17234	2
17272	3
17319	2
17461	2
17486	3
17502	2
17519	2
17553	1
17600	1
17603	1
17604	3
17605	1
17607	1
17608	3
17609	2
17610	1
17615	1
17616	3
17617	1
17618	1
17619	1
17620	1
17621	1
17623	3
17628	1
17629	1
17633	1
17635	1
17637	1
17639	1
17641	1
17646	3
17649	1
17652	1
17654	2
17655	1
17656	1
17659	1
17660	1
17662	1
17663	1
17665	1
17667	1
17671	1
17674	3
17675	1
17677	1
17678	1
17679	2
17681	1
17682	1
17685	1
17688	1
17689	3
17691	1
17693	1
17694	1
17697	1
17698	1
17700	1
17703	1
17705	1
17711	1
17712	1
17717	1
17719	1
17720	1
17721	3
17723	2
17724	2
17726	1
17729	1
17735	3
17737	3
17740	1
17743	1
17744	3
17746	1
17750	3
17751	1
17753	1
17754	1
17755	1
17758	1
17759	1
17760	3
17761	1
17762	1
17765	1
17768	3
17770	1
17773	1
17774	1
17776	1
17777	2
17778	1
17779	1
17780	3
17781	1
17783	2
17788	1
17789	3
17790	1
17793	1
17795	1
17799	3
17829	1
17874	1
17900	2
17946	1
17949	1
17953	1
17960	1
17968	2
17990	2
18005	3
18161	2
18193	3
18203	1
18247	1
18257	2
18357	2
18379	1
18391	2
18442	2
18465	2
18485	1
18548	2
18584	3
18617	3
18629	2
18669	1
18678	2
18689	1
18706	2
18711	3
18784	3
18795	1
18800	2
18803	1
18820	2
18911	1
18934	1
18965	3
18971	1
19016	2
19037	1
19148	2
19173	2
19202	2
19216	2
19220	2
19335	1
19452	2
19553	2
19600	2
19601	2
19602	2
19607	2
19620	2
19624	2
19628	2
19630	2
19633	2
19634	3
19637	2
19643	2
19646	2
19648	2
19649	2
19650	2
19651	2
19652	2
19656	2
19658	2
19663	2
19667	2
19669	2
19673	2
19674	2
19675	2
19679	2
19681	2
19689	2
19691	2
19692	2
19695	2
19700	2
19706	2
19709	2
19710	2
19712	2
19722	2
19724	2
19725	2
19726	2
19731	2
19732	2
19739	2
19742	2
19748	2
19750	2
19757	2
19761	2
19764	2
19766	2
19771	2
19772	2
19776	2
19780	2
19781	2
19785	2
19787	2
19788	2
19791	2
19793	2
19794	2
19848	2
19879	2
19890	2
19893	1
19906	3
19923	1
19936	2
