00001	1
00002	1
00003	1
00008	1
00010	1
00011	1
00012	1
00013	1
00014	1
00015	1
00016	1
00019	1
00021	1
00022	1
00023	1
00024	1
00025	1
00026	1
00028	1
00029	1
00031	1
00032	1
00033	1
00035	1
00036	1
00037	1
00040	1
00041	1
00042	1
00043	1
00045	1
00046	1
00048	1
00049	1
00050	1
00051	1
00054	1
00056	1
00057	1
00058	1
00059	1
00062	1
00063	1
00064	1
00067	1
00068	1
00069	1
00071	1
00072	1
00073	1
00075	1
00076	1
00080	1
00081	1
00082	1
00085	1
00086	1
00087	1
00088	1
00089	1
00090	1
00091	1
00094	1
00095	1
00096	1
00097	1
00098	1
00100	1
00101	1
00102	1
00104	1
00105	1
00106	1
00107	1
00109	1
00110	1
00111	1
00112	1
00113	1
00114	1
00115	1
00117	1
00120	1
00121	1
00122	1
00123	1
00124	1
00125	1
00126	1
00127	1
00128	1
00129	1
00131	1
00132	1
00133	1
00134	1
00137	1
00138	1
00139	1
00140	1
00141	1
00143	1
00145	1
00147	1
00148	1
00150	1
00152	1
00154	1
00155	1
00156	1
00158	1
00160	1
00161	1
00162	1
00163	1
00165	1
00166	1
00168	1
00170	1
00171	1
00175	1
00178	1
00179	1
00181	1
00183	1
00184	1
00186	1
00187	1
00188	1
00189	1
00190	1
00191	1
00192	1
00193	1
00194	1
00195	1
00196	1
00197	1
00198	1
00199	1
00200	1
00202	1
00207	1
00217	1
00226	1
00243	1
00245	1
00255	1
00256	1
00259	1
00286	1
00290	1
00296	1
00299	1
00304	1
00309	1
00310	1
00314	1
00321	1
00324	1
00337	1
00354	1
00358	1
00360	1
00365	1
00366	1
00367	1
00369	1
00371	1
00379	1
00386	1
00394	1
00400	1
00402	1
00405	1
00406	1
00413	1
00420	1
00424	1
00433	1
00434	1
00443	1
00444	1
00456	1
00461	1
00487	1
00512	1
00521	1
00533	1
00534	1
00557	1
00558	1
00575	1
00578	1
00580	1
00582	1
00600	1
00603	1
00609	1
00611	1
00625	1
00657	1
00659	1
00662	1
00669	1
00691	1
00722	1
00726	1
00737	1
00741	1
00743	1
00748	1
00761	1
00765	1
00775	1
00781	1
00791	1
00797	1
00803	1
00816	1
00824	1
00833	1
00844	1
00858	1
00862	1
00864	1
00897	1
00914	1
00925	1
00956	1
00958	1
00964	1
01007	1
01023	1
01030	1
01058	1
01066	1
01091	1
01108	1
01111	1
01115	1
01126	1
01132	1
01142	1
01170	1
01186	1
01190	1
01198	1
01207	1
01251	1
01274	1
01282	1
01313	1
01348	1
01374	1
01420	1
01429	1
01443	1
01578	1
01579	1
01597	1
01604	1
01620	1
01640	1
01710	1
01760	1
01772	1
01781	1
01830	1
01841	1
01916	1
01922	1
01992	1
02026	1
02085	1
02117	1
02159	1
02176	1
02180	1
02206	1
02247	1
02259	1
02342	1
02367	1
02387	1
02406	1
02483	1
02491	1
02582	1
02667	1
02678	1
02717	1
02749	1
02785	1
02861	1
02906	1
02913	1
02964	1
03125	1
03132	1
03166	1
03222	1
03251	1
03306	1
03371	1
03389	1
03483	1
03568	1
03600	1
03641	1
03811	1
03824	1
03825	1
03830	1
03831	1
03832	1
03842	1
03852	1
03858	1
03861	1
03865	1
03866	1
03874	1
03880	1
03881	1
03907	1
03910	1
03912	1
03916	1
03918	1
03932	1
03934	1
03938	1
03939	1
03940	1
03941	1
03948	1
03955	1
03958	1
03970	1
03971	1
03999	1
04009	1
04090	1
04147	1
04267	1
04270	1
04366	1
04434	1
04490	1
04584	1
04640	1
04689	1
04690	1
04697	1
04715	1
04766	1
04885	1
04904	1
04975	1
04985	1
05023	1
05290	1
05370	1
05424	1
05563	1
05591	1
05617	1
05656	1
05687	1
05775	1
05877	1
05886	1
05903	1
05908	1
05951	1
05989	1
05996	1
06065	1
06089	1
06099	1
06118	1
06176	1
06228	1
06307	1
06388	1
06406	1
06488	1
06490	1
06502	1
06660	1
06706	1
06734	1
06827	1
06854	1
07020	1
07215	1
07497	1
07550	1
07561	1
07729	1
07882	1
07889	1
07946	1
07950	1
07973	1
07975	1
08026	1
08042	1
08167	1
08178	1
08330	1
08388	1
08487	1
08604	1
08635	1
08648	1
08717	1
08727	1
08920	1
09010	1
09077	1
09243	1
09429	1
09491	1
09571	1
10050	1
10058	1
10174	1
10366	1
10497	1
10763	1
10790	1
10810	1
10811	1
11008	1
11018	1
11383	1
11401	1
11406	1
11416	1
11428	1
11469	1
11567	1
11597	1
11626	1
11723	1
11730	1
11802	1
11810	1
11818	1
11820	1
11823	1
11825	1
11836	1
11838	1
11845	1
11852	1
11860	1
11863	1
11866	1
11867	1
11875	1
11913	1
11925	1
11938	1
11941	1
11942	1
11943	1
11962	1
11965	1
11969	1
11995	1
11999	1
12019	1
12136	1
12529	1
12764	1
13000	1
13014	1
13095	1
13174	1
13270	1
13428	1
13489	1
13683	1
13713	1
13804	1
13913	1
13948	1
14053	1
14054	1
14207	1
14209	1
14383	1
14514	1
14591	1
14652	1
14656	1
14926	1
15178	1
15276	1
15339	1
15439	1
15528	1
15567	1
15844	1
15970	1
16003	1
16268	1
16393	1
16410	1
16612	1
16614	1
16625	1
16633	1
16635	1
16659	1
16669	1
16671	1
16676	1
16689	1
16698	1
16717	1
16718	1
16743	1
16746	1
16757	1
16762	1
16765	1
16768	1
16769	1
16779	1
16784	1
16876	1
17553	1
17600	1
17603	1
17605	1
17607	1
17610	1
17615	1
17617	1
17618	1
17619	1
17620	1
17621	1
17628	1
17629	1
17633	1
17635	1
17637	1
17639	1
17641	1
17649	1
17652	1
17655	1
17656	1
17659	1
17660	1
17662	1
17663	1
17665	1
17667	1
17671	1
17675	1
17677	1
17678	1
17681	1
17682	1
17685	1
17688	1
17691	1
17693	1
17694	1
17697	1
17698	1
17700	1
17703	1
17705	1
17711	1
17712	1
17717	1
17719	1
17720	1
17726	1
17729	1
17740	1
17743	1
17746	1
17751	1
17753	1
17754	1
17755	1
17758	1
17759	1
17761	1
17762	1
17765	1
17770	1
17773	1
17774	1
17776	1
17778	1
17779	1
17781	1
17788	1
17790	1
17793	1
17795	1
17829	1
17874	1
17946	1
17949	1
17953	1
17960	1
18203	1
18247	1
18379	1
18485	1
18669	1
18689	1
18795	1
18803	1
18911	1
18934	1
18971	1
19037	1
19335	1
19893	1
19923	1
