02003	2
02007	2
02014	2
02039	2
02040	2
02053	2
02057	2
02072	2
02077	2
02084	2
02090	2
02091	2
02094	2
02095	2
02102	2
02112	2
02116	2
02120	2
02121	2
02123	2
02124	2
02127	2
02134	2
02136	2
02139	2
02148	2
02149	2
02156	2
02161	2
02163	2
02167	2
02181	2
02185	2
02192	2
02196	2
02296	2
02381	2
02550	2
02625	2
02655	2
02666	2
02671	2
02683	2
02798	2
02808	2
02864	2
02867	2
02909	2
02999	2
03221	2
03413	2
03416	2
03418	2
03428	2
03436	2
03442	2
03444	2
03445	2
03454	2
03455	2
03457	2
03459	2
03465	2
03466	2
03472	2
03475	2
03476	2
03477	2
03480	2
03482	2
03484	2
03487	2
03489	2
03495	2
03496	2
03504	2
03507	2
03508	2
03510	2
03518	2
03521	2
03523	2
03525	2
03527	2
03539	2
03540	2
03542	2
03544	2
03545	2
03546	2
03553	2
03558	2
03562	2
03563	2
03571	2
03573	2
03577	2
03582	2
03583	2
03586	2
03590	2
03592	2
03597	2
03599	2
03680	2
03735	2
03767	2
03786	2
03802	2
03805	2
03806	2
03826	2
03848	2
03849	2
03850	2
03851	2
03857	2
03868	2
03876	2
03877	2
03884	2
03888	2
03894	2
03899	2
03927	2
03935	2
03937	2
03943	2
03944	2
03945	2
03951	2
03988	2
03994	2
04121	2
04123	2
04133	2
04145	2
04178	2
04210	2
04215	2
04258	2
04262	2
04352	2
04410	2
04412	2
04433	2
04475	2
04488	2
04585	2
04718	2
04734	2
04741	2
04819	2
04867	2
04923	2
04927	2
04939	2
04954	2
04987	2
05070	2
05088	2
05195	2
05270	2
05292	2
05334	2
05410	2
05460	2
05512	2
05634	2
05709	2
05914	2
05917	2
05963	2
06116	2
06196	2
06211	2
06213	2
06276	2
06281	2
06313	2
06340	2
06352	2
06602	2
06606	2
06609	2
06613	2
06631	2
06645	2
06648	2
06668	2
06679	2
06680	2
06699	2
06702	2
06721	2
06743	2
06769	2
06775	2
06787	2
06799	2
06847	2
06883	2
06936	2
06947	2
06957	2
06965	2
07000	2
07084	2
07153	2
07171	2
07197	2
07248	2
07320	2
07330	2
07356	2
07514	2
07528	2
07532	2
07579	2
07676	2
07813	2
07870	2
07971	2
08005	2
08006	2
08009	2
08010	2
08011	2
08014	2
08016	2
08022	2
08023	2
08024	2
08027	2
08028	2
08029	2
08036	2
08039	2
08043	2
08044	2
08046	2
08047	2
08055	2
08056	2
08058	2
08059	2
08065	2
08070	2
08074	2
08077	2
08078	2
08086	2
08089	2
08091	2
08093	2
08096	2
08097	2
08098	2
08099	2
08101	2
08108	2
08110	2
08112	2
08113	2
08115	2
08118	2
08122	2
08127	2
08128	2
08137	2
08147	2
08148	2
08149	2
08151	2
08156	2
08159	2
08163	2
08164	2
08166	2
08170	2
08171	2
08174	2
08182	2
08186	2
08187	2
08188	2
08195	2
08197	2
08198	2
08199	2
08276	2
08320	2
08345	2
08387	2
08394	2
08437	2
08478	2
08488	2
08491	2
08509	2
08793	2
08865	2
08900	2
08941	2
08955	2
08969	2
08972	2
08990	2
09034	2
09041	2
09056	2
09089	2
09232	2
09246	2
09273	2
09290	2
09428	2
09436	2
09574	2
09600	2
09602	2
09610	2
09618	2
09623	2
09627	2
09628	2
09632	2
09646	2
09648	2
09660	2
09661	2
09662	2
09665	2
09666	2
09668	2
09670	2
09672	2
09684	2
09686	2
09690	2
09695	2
09701	2
09705	2
09708	2
09719	2
09721	2
09724	2
09726	2
09729	2
09734	2
09737	2
09738	2
09739	2
09743	2
09748	2
09757	2
09760	2
09764	2
09767	2
09775	2
09778	2
09782	2
09790	2
09791	2
09795	2
09799	2
09870	2
09877	2
10015	2
10016	2
10265	2
10269	2
10292	2
10314	2
10399	2
10425	2
10562	2
10583	2
10600	2
10640	2
10641	2
10688	2
10794	2
10813	2
10868	2
10878	2
10885	2
10913	2
11002	2
11020	2
11022	2
11028	2
11032	2
11034	2
11039	2
11049	2
11050	2
11051	2
11053	2
11054	2
11057	2
11058	2
11059	2
11061	2
11062	2
11080	2
11081	2
11085	2
11090	2
11094	2
11097	2
11098	2
11101	2
11102	2
11105	2
11106	2
11111	2
11118	2
11122	2
11126	2
11128	2
11135	2
11141	2
11142	2
11160	2
11161	2
11166	2
11167	2
11175	2
11176	2
11183	2
11184	2
11188	2
11190	2
11191	2
11192	2
11193	2
11196	2
11301	2
11412	2
11421	2
11434	2
11600	2
11635	2
11656	2
11716	2
11775	2
11791	2
11799	2
11801	2
11821	2
11830	2
11832	2
11833	2
11839	2
11842	2
11843	2
11844	2
11846	2
11851	2
11858	2
11871	2
11880	2
11884	2
11899	2
11910	2
11917	2
11920	2
11930	2
11947	2
11950	2
11953	2
11954	2
11971	2
11983	2
11994	2
12002	2
12035	2
12046	2
12062	2
12107	2
12180	2
12303	2
12354	2
12387	2
12393	2
12399	2
12519	2
12532	2
12555	2
12566	2
12586	2
12601	2
12659	2
12687	2
12707	2
12710	2
12712	2
12739	2
12752	2
12822	2
12870	2
12891	2
12975	2
13019	2
13141	2
13325	2
13351	2
13354	2
13401	2
13403	2
13408	2
13413	2
13422	2
13427	2
13430	2
13431	2
13433	2
13437	2
13452	2
13453	2
13458	2
13466	2
13471	2
13473	2
13481	2
13484	2
13485	2
13496	2
13500	2
13511	2
13516	2
13518	2
13519	2
13520	2
13522	2
13525	2
13526	2
13528	2
13533	2
13535	2
13543	2
13549	2
13550	2
13554	2
13558	2
13560	2
13567	2
13568	2
13575	2
13583	2
13587	2
13595	2
13598	2
13599	2
13655	2
13682	2
13685	2
13738	2
13843	2
13999	2
14040	2
14112	2
14163	2
14249	2
14257	2
14403	2
14553	2
14590	2
14611	2
14645	2
14661	2
14774	2
14885	2
14899	2
14924	2
14951	2
14961	2
15016	2
15030	2
15064	2
15202	2
15209	2
15262	2
15318	2
15320	2
15345	2
15416	2
15421	2
15427	2
15459	2
15487	2
15741	2
15904	2
15977	2
15980	2
16090	2
16097	2
16121	2
16129	2
16139	2
16196	2
16217	2
16278	2
16342	2
16378	2
16507	2
16601	2
16611	2
16624	2
16628	2
16639	2
16640	2
16641	2
16653	2
16660	2
16664	2
16675	2
16678	2
16681	2
16685	2
16696	2
16706	2
16713	2
16728	2
16741	2
16744	2
16745	2
16752	2
16763	2
16776	2
16780	2
16789	2
16790	2
16893	2
16947	2
17092	2
17094	2
17173	2
17234	2
17319	2
17461	2
17502	2
17519	2
17609	2
17654	2
17679	2
17723	2
17724	2
17777	2
17783	2
17900	2
17968	2
17990	2
18161	2
18257	2
18357	2
18391	2
18442	2
18465	2
18548	2
18629	2
18678	2
18706	2
18800	2
18820	2
19016	2
19148	2
19173	2
19202	2
19216	2
19220	2
19452	2
19553	2
19600	2
19601	2
19602	2
19607	2
19620	2
19624	2
19628	2
19630	2
19633	2
19637	2
19643	2
19646	2
19648	2
19649	2
19650	2
19651	2
19652	2
19656	2
19658	2
19663	2
19667	2
19669	2
19673	2
19674	2
19675	2
19679	2
19681	2
19689	2
19691	2
19692	2
19695	2
19700	2
19706	2
19709	2
19710	2
19712	2
19722	2
19724	2
19725	2
19726	2
19731	2
19732	2
19739	2
19742	2
19748	2
19750	2
19757	2
19761	2
19764	2
19766	2
19771	2
19772	2
19776	2
19780	2
19781	2
19785	2
19787	2
19788	2
19791	2
19793	2
19794	2
19848	2
19879	2
19890	2
19936	2
