03801	3
03809	3
03810	3
03839	3
03841	3
03860	3
03864	3
03871	3
03878	3
03892	3
03898	3
03914	3
03923	3
03928	3
03946	3
03947	3
03949	3
03959	3
03990	3
04448	3
04607	3
04763	3
04964	3
05199	3
05269	3
05361	3
05503	3
05514	3
05515	3
05716	3
05831	3
05960	3
06078	3
06152	3
06537	3
07490	3
07626	3
07733	3
07736	3
07792	3
08400	3
08703	3
09043	3
09736	3
10184	3
10231	3
10802	3
11012	3
11021	3
11043	3
11089	3
11771	3
11803	3
11804	3
11811	3
11813	3
11814	3
11817	3
11837	3
11850	3
11862	3
11870	3
11890	3
11891	3
11894	3
11904	3
11912	3
11916	3
11918	3
11951	3
11972	3
11976	3
11979	3
11982	3
11987	3
11988	3
11993	3
12013	3
12161	3
12315	3
12877	3
13547	3
13790	3
13933	3
13951	3
13966	3
13997	3
14567	3
14651	3
14856	3
15691	3
16602	3
16605	3
16620	3
16649	3
16665	3
16670	3
16674	3
16682	3
16686	3
16688	3
16697	3
16709	3
16712	3
16714	3
16719	3
16722	3
16724	3
16732	3
16738	3
16753	3
16756	3
16773	3
16783	3
16785	3
16787	3
16925	3
17223	3
17272	3
17486	3
17604	3
17608	3
17616	3
17623	3
17646	3
17674	3
17689	3
17721	3
17735	3
17737	3
17744	3
17750	3
17760	3
17768	3
17780	3
17789	3
17799	3
18005	3
18193	3
18584	3
18617	3
18711	3
18784	3
18965	3
19634	3
19906	3
